	1950	1955	1960	1965	1970	1975	1980	1985	1990	1995	2000	2005	2010	2015	2020	2025	2030	2035	2040	2045	2050
Afghanistan	8150	8891	9829	10998	12431	14132	15044	13120	13568	19445	22461	26335	29121	32564	36644	41117	45665	50195	54717	59255	63795
Albania	1227	1392	1623	1884	2157	2401	2671	2957	3245	3158	3158	3025	2987	3029	3075	3105	3103	3062	2994	2912	2824
Algeria	8893	9842	10909	11963	13932	16140	18806	22008	25089	28089	30429	32561	34586	36640	38594	40290	41641	42663	43425	43940	44163
American Samoa	19	20	20	25	27	30	32	39	47	54	58	62	66	71	75	79	84	87	91	95	98
Andorra	6	6	8	14	20	27	34	45	53	63	65	76	85	86	86	85	84	83	81	78	75
Angola	4118	4423	4797	5135	5606	6050	7206	8390	9485	11000	12683	14770	17043	19625	22484	25673	29155	32910	36948	41280	45888
Anguilla	5	5	6	6	6	6	7	7	8	10	11	13	15	16	18	20	21	23	24	26	27
Antigua and Barbuda	46	51	55	59	66	68	69	64	64	69	75	81	87	92	98	104	109	114	117	120	123
Argentina	17150	18928	20616	22283	23962	26082	28370	30672	33036	35274	37336	39181	41343	43432	45379	47165	48795	50273	51573	52663	53511
Armenia	1355	1565	1869	2206	2520	2834	3115	3374	3377	3069	3043	2983	2967	2984	3017	3044	3051	3042	3023	2991	2943
Aruba	50	54	57	59	59	59	60	62	63	80	90	97	105	112	119	126	132	137	142	147	151
Australia	8267	9277	10361	11439	12660	13771	14616	15695	16956	17976	19053	20232	21516	22751	23939	25054	26056	26931	27702	28390	29013
Austria	6935	6947	7047	7271	7467	7579	7549	7560	7723	8047	8113	8185	8214	8224	8220	8190	8120	8009	7867	7702	7521
Azerbaijan	2885	3314	3882	4567	5169	5696	6198	6845	7497	8051	8463	8825	9302	9781	10206	10534	10781	10974	11117	11201	11210
Bahamas	70	87	112	139	170	189	210	228	245	265	283	297	310	325	338	349	358	365	369	371	371
Bahrain	115	130	157	191	220	259	348	423	506	582	655	916	1180	1347	1505	1580	1639	1700	1758	1806	1847
Bangladesh	45646	49588	54593	60284	67331	76153	87937	102308	112213	121442	132151	144139	156118	168958	183109	197674	211288	223396	233778	242608	250155
Barbados	211	227	232	235	239	247	252	257	262	268	274	280	286	291	295	297	298	296	293	288	282
Belarus	7722	7781	8168	8591	9027	9360	9644	9982	10201	10205	10034	9809	9613	9439	9249	9033	8798	8552	8296	8026	7739
Belgium	8639	8868	9119	9448	9638	9795	9847	9858	9969	10155	10264	10364	10423	10454	10465	10453	10410	10327	10206	10054	9883
Belize	66	77	92	107	122	136	144	166	191	217	248	281	315	347	380	411	441	469	496	521	544
Benin	1673	1846	2055	2311	2620	2996	3458	4030	4705	5647	6619	7778	9056	10449	11956	13565	15248	16970	18703	20424	22119
Bermuda	39	41	44	49	53	54	55	56	58	60	63	66	68	70	72	73	73	73	73	71	70
Bhutan	164	186	212	254	309	373	446	529	615	566	606	655	700	742	782	820	855	885	912	934	952
Bolivia	2766	3074	3434	3853	4346	4914	5441	5935	6574	7375	8195	9073	9947	10801	11640	12463	13262	14024	14739	15401	16004
Bosnia and Herzegovina	2662	2974	3240	3493	3703	3980	4092	4275	4424	3709	4035	4430	4622	4618	4592	4535	4448	4335	4203	4055	3892
Botswana	430	461	497	538	584	705	900	1080	1265	1478	1680	1840	2029	2183	2312	2425	2519	2605	2691	2780	2871
Brazil	53443	61774	71695	83093	95684	108879	123020	137382	151170	163544	176320	188993	201103	212346	222608	231887	240173	247359	253261	257722	260692
British Virgin Islands	6	7	7	8	10	11	11	13	16	19	23	26	30	33	37	41	45	49	53	56	60
Brunei	45	61	83	102	128	156	185	218	253	288	325	361	395	430	464	499	531	562	589	615	638
Bulgaria	7251	7499	7867	8201	8490	8721	8844	8944	8894	8256	7818	7450	7149	6867	6569	6258	5941	5624	5305	4981	4651
Burkina Faso	4376	4614	4866	5032	5304	5673	6318	7171	8361	9903	11588	13904	16242	18932	21978	25385	29153	33270	37714	42448	47430
Burma	19488	21050	22839	24937	27393	30330	33336	36766	40464	43994	47439	50572	53414	56320	59126	61748	64103	66155	67927	69444	70673
Burundi	2363	2576	2815	3171	3522	3676	4298	4922	5536	6165	6823	8162	9863	11574	13429	15465	17650	19950	22321	24729	27149
Cambodia	4471	5049	5761	6602	7394	7500	6889	7841	9368	11234	12351	13297	14454	15709	16927	18038	19031	19945	20809	21618	22339
Cameroon	4888	5211	5609	6104	6727	7522	8762	10191	11884	13603	15343	17261	19294	21387	23471	25522	27531	29487	31371	33174	34909
Canada	14011	16050	18267	20071	21750	23209	24593	25942	27791	29691	31100	32386	33760	35100	36387	37559	38565	39396	40070	40635	41136
Cape Verde	146	169	197	232	269	280	296	317	340	385	430	471	509	546	583	619	652	680	705	725	742
Cayman Islands	6	7	8	9	10	14	17	21	26	32	38	44	50	56	62	68	73	78	83	87	91
Central African Republic	1260	1348	1467	1628	1839	2058	2349	2714	3085	3544	3980	4363	4845	5392	5991	6638	7325	8045	8791	9558	10339
Chad	2608	2805	3042	3345	3727	4144	4522	5066	5841	6770	7943	9401	10543	11631	12756	13915	15114	16362	17658	19007	20474
Chile	6091	6743	7585	8510	9369	10252	11094	12068	13129	14207	15156	15995	16746	17435	18058	18585	18984	19251	19396	19437	19387
China	562580	606730	650661	715546	820403	917899	984736	1058008	1148364	1216378	1263638	1297765	1330141	1361513	1384545	1394639	1391491	1378255	1358519	1333892	1303723
Colombia	11592	13588	15953	18646	21430	24125	26631	29748	33147	36532	38910	41488	44205	46737	49085	51195	52965	54344	55335	55956	56228
Comoros	148	164	183	206	237	276	340	383	430	483	545	623	706	781	846	906	964	1022	1078	1128	1170
Congo (Brazzaville)	826	904	1002	1124	1272	1454	1674	1942	2266	2650	3104	3604	4126	4755	5444	6162	6884	7594	8284	8952	9599
Congo (Kinshasa)	13569	14953	16610	18856	21781	25032	29011	33348	39151	46705	52445	60698	69851	79375	89250	99162	108872	118299	127439	136284	144805
Cook Islands	15	16	18	19	21	19	18	17	18	18	16	14	11	10	9	8	7	6	6	6	5
Costa Rica	867	1032	1248	1488	1736	1992	2299	2644	3023	3445	3883	4209	4516	4814	5098	5353	5571	5750	5891	5997	6066
Croatia	4000	3956	4036	4133	4205	4255	4383	4458	4508	4497	4411	4496	4487	4465	4427	4374	4301	4209	4104	3988	3864
Cuba	5785	6381	7027	7810	8543	9290	9653	10065	10507	10847	11072	11198	11098	11031	10932	10785	10575	10298	9961	9578	9161
Curaçao	101	112	124	134	145	149	148	154	145	142	134	136	143	148	151	154	155	155	154	152	150
Cyprus	494	533	579	600	627	627	630	679	745	847	920	1011	1103	1189	1267	1330	1375	1402	1413	1410	1392
Czech Republic	8925	9366	9660	9777	9795	10042	10289	10310	10310	10324	10270	10241	10202	10130	10013	9844	9629	9382	9115	8833	8540
Denmark	4271	4439	4581	4758	4929	5060	5123	5114	5141	5233	5337	5432	5516	5582	5642	5698	5730	5728	5691	5635	5575
Djibouti	79	90	111	142	180	227	327	382	499	553	669	666	741	828	922	1017	1109	1194	1270	1337	1396
Dominica	51	57	60	64	70	74	74	73	70	71	71	72	73	74	74	74	74	72	70	68	65
Dominican Republic	2353	2737	3231	3806	4423	5048	5697	6379	7084	7759	8469	9164	9824	10479	11109	11703	12239	12705	13097	13424	13690
Ecuador	3370	3842	4416	5118	5939	6872	7920	9062	10318	11266	12446	13662	14791	15868	16905	17868	18743	19513	20165	20694	21103
Egypt	21198	23856	26847	30265	33574	36952	42634	50052	54907	58945	65159	72544	80472	88487	96260	103742	111057	118256	125242	131822	137873
El Salvador	1940	2221	2582	3018	3604	4073	4570	4671	5110	5480	5850	5956	6052	6141	6217	6288	6340	6353	6324	6262	6181
Equatorial Guinea	211	226	244	253	270	213	256	325	371	426	491	567	651	741	836	936	1037	1138	1238	1335	1428
Eritrea	1403	1499	1615	1746	2160	2421	2569	2941	3138	3565	4197	5070	5793	6528	7260	7987	8710	9420	10109	10765	11381
Estonia	1096	1154	1211	1288	1363	1432	1482	1538	1569	1447	1380	1333	1291	1249	1203	1149	1092	1034	978	921	862
Ethiopia	20175	21990	24169	26740	29469	32976	36036	42227	48397	55550	64165	74980	88013	103134	120420	140140	162490	187581	215354	245655	278283
Faroe Islands	32	33	35	37	39	41	43	46	47	44	46	48	49	50	52	53	55	56	56	57	57
Federated States of Micronesia	31	36	42	49	57	66	77	91	109	106	108	108	107	105	102	99	95	90	85	80	74
Fiji	287	332	393	463	521	576	635	699	740	773	805	837	876	909	936	956	972	986	998	1008	1014
Finland	4009	4235	4430	4564	4606	4711	4780	4902	4986	5105	5169	5223	5255	5271	5272	5251	5201	5123	5027	4923	4820
France	42518	44218	46584	49802	51918	53955	55110	56490	58168	59712	61137	62912	64768	66301	67518	68482	69249	69812	70100	70069	69768
French Polynesia	62	72	81	95	114	133	151	175	200	217	236	254	269	283	295	305	314	319	323	325	325
Gabon	416	429	446	474	515	647	714	833	938	1069	1236	1396	1545	1705	1877	2063	2266	2484	2717	2965	3230
Gambia	271	306	352	412	485	566	652	773	951	1161	1357	1548	1755	1968	2174	2369	2554	2730	2899	3059	3210
Gaza Strip	245	266	308	350	343	395	456	532	646	886	1130	1350	1604	1869	2121	2350	2565	2778	2992	3201	3393
Georgia	3516	3827	4147	4465	4694	4898	5046	5193	5426	5013	4777	4677	4601	4525	4440	4341	4231	4118	4006	3896	3785
Germany	68375	70196	72481	75639	77783	78682	78298	77685	79380	81654	82184	82439	81644	80854	80160	79226	78022	76589	74984	73276	71542
Ghana	5297	6049	6958	8010	8789	10117	11011	13229	15408	17704	19752	22062	24340	26585	28784	30919	32989	34984	36872	38630	40243
Gibraltar	23	24	24	25	26	29	29	29	29	27	27	28	29	29	30	30	30	30	29	29	28
Greece	7566	7966	8327	8550	8793	9047	9643	9923	10130	10458	10559	10668	10750	10776	10742	10671	10583	10485	10366	10217	10036
Greenland	22	27	32	39	46	50	50	53	56	56	57	58	58	58	58	57	56	55	53	51	49
Grenada	76	85	90	93	95	96	90	93	94	98	102	105	108	111	113	115	116	116	115	115	114
Guam	60	69	67	74	86	102	107	121	134	144	155	169	181	193	204	214	223	230	236	241	244
Guatemala	2969	3487	4100	4746	5264	5910	6650	7581	8966	10028	11085	12183	13550	14919	16264	17564	18798	19960	21048	22062	22995
Guernsey	45	46	47	50	53	54	53	55	63	61	62	63	65	66	67	68	68	68	68	67	67
Guinea	2586	2787	3026	3314	3643	4019	4447	5227	6118	7446	8350	9154	10324	11780	13420	15241	17226	19354	21608	23966	26407
Guinea-Bissau	573	592	617	604	620	681	789	885	996	1143	1279	1414	1565	1726	1893	2061	2231	2400	2568	2733	2895
Guyana	428	491	571	640	715	768	759	762	772	769	786	776	748	739	754	786	819	846	867	880	888
Haiti	3097	3365	3697	4094	4541	4973	5508	6120	6798	7570	8413	9205	9649	10110	10693	11252	11784	12267	12690	13049	13353
Honduras	1431	1662	1952	2329	2761	2858	3402	4077	4794	5551	6359	7193	7989	8747	9465	10144	10785	11389	11950	12468	12949
Hong Kong	2237	2490	3075	3598	3959	4396	5063	5456	5688	6225	6659	6899	7090	7235	7328	7355	7294	7131	6873	6544	6173
Hungary	9338	9825	9984	10153	10337	10532	10711	10649	10372	10281	10147	10058	9992	9898	9772	9615	9426	9211	8983	8742	8490
Iceland	143	158	176	192	204	218	228	241	255	268	281	297	309	319	329	338	344	349	351	352	351
India	369880	404268	445393	494964	553889	618923	684888	759612	838159	920585	1006300	1090973	1173108	1251696	1326093	1396046	1460743	1519491	1571715	1617238	1656554
Indonesia	82978	90255	100146	110754	122292	135272	150467	166119	181770	197764	213829	228896	242968	255759	267532	278503	288678	297585	304686	309799	313021
Iran	16357	18739	21600	25040	28994	33467	39709	48619	58100	64217	68632	72283	76923	81824	86543	90481	93458	95772	97685	99181	100045
Iraq	5163	5903	6822	7971	9414	11118	13233	15694	18140	19564	22679	26076	29672	33310	36889	40387	43831	47207	50459	53516	56316
Ireland	2963	2916	2832	2876	2950	3177	3401	3540	3508	3614	3822	4199	4623	4892	5177	5418	5631	5832	6023	6195	6334
Isle of Man	55	51	48	49	53	59	64	64	69	72	76	80	84	88	90	93	94	94	94	94	93
Israel	1286	1772	2141	2578	2903	3354	3737	4068	4478	5353	6115	6743	7354	7935	8479	8984	9459	9898	10280	10593	10828
Italy	47105	48633	50198	51987	53661	55572	56451	56718	56713	57295	57784	59038	60749	61855	62403	62591	62623	62531	62319	61956	61416
Ivory Coast	2860	3164	3576	4356	5579	7031	8593	10332	12491	14846	16885	18921	21059	23295	25504	27651	29724	31711	33609	35412	37112
Jamaica	1385	1489	1632	1777	1944	2105	2229	2318	2347	2469	2616	2737	2847	2950	3051	3152	3246	3331	3410	3484	3555
Japan	83805	89815	94092	98883	104345	111573	116807	120754	123537	125327	126776	127715	127579	126920	125507	123386	120751	117747	114448	110907	107210
Jersey	57	60	63	66	69	72	76	80	84	85	87	88	93	97	101	104	106	107	108	108	108
Jordan	561	687	849	1061	1503	1803	2163	2630	3267	4176	4688	5245	6407	6623	7278	7945	8611	9282	9954	10614	11243
Kazakhstan	6693	7977	9982	11902	13106	14157	15000	15999	16775	16390	15687	16123	17085	18157	19092	19809	20378	20886	21401	21877	22237
Kenya	6121	7034	8157	9549	11247	13433	16331	19762	23361	27163	30606	35246	40843	45925	49858	53196	56552	60243	64059	67608	70755
Kiribati	33	37	41	45	49	53	58	62	71	77	85	93	99	106	112	118	123	129	133	137	140
Kuwait	145	187	292	476	748	1007	1370	1733	2131	1664	1972	2257	2543	2789	2994	3169	3331	3482	3623	3751	3863
Kyrgyzstan	1739	1901	2171	2573	2964	3301	3623	4006	4382	4532	4851	5146	5509	5913	6314	6679	7014	7340	7662	7967	8238
Laos	1886	2077	2309	2565	2845	3161	3293	3657	4210	4846	5397	5836	6368	6912	7447	7972	8472	8933	9349	9726	10069
Latvia	1936	2002	2115	2254	2361	2462	2525	2606	2664	2488	2376	2290	2218	2152	2077	1993	1903	1814	1728	1638	1544
Lebanon	1364	1561	1786	2058	2383	2691	2899	3171	3440	3654	3791	3892	4125	4151	4243	4307	4335	4330	4298	4240	4155
Lesotho	726	786	859	952	1067	1195	1359	1552	1703	1848	1916	1922	1920	1948	1969	1971	1952	1926	1907	1905	1920
Liberia	824	928	1055	1209	1397	1617	1857	2162	2139	1900	2601	2930	3685	4196	4727	5284	5862	6452	7042	7625	8192
Libya	961	1122	1338	1624	1999	2570	3069	3680	4146	4663	5125	5778	6461	7132	7759	8342	8901	9452	9981	10461	10872
Liechtenstein	14	15	16	19	21	23	25	27	29	31	33	35	36	38	39	41	42	43	43	43	44
Lithuania	2553	2614	2765	2959	3138	3305	3435	3587	3695	3674	3654	3597	3545	3495	3435	3356	3257	3147	3031	2912	2788
Luxembourg	296	305	314	332	339	359	364	367	383	410	439	469	498	527	556	586	616	644	671	696	721
Macau	205	193	186	224	261	254	256	306	352	401	432	474	568	593	614	630	640	643	641	633	620
Macedonia	1225	1340	1366	1470	1574	1684	1792	1845	1861	1954	2015	2045	2072	2096	2113	2120	2114	2096	2069	2033	1991
Madagascar	4620	5003	5482	6070	6766	7604	8691	10029	11633	13532	15742	18312	21282	24651	28374	32431	36797	41433	46296	51344	56514
Malawi	2817	3088	3450	3914	4508	5317	6259	7330	9546	10264	11802	13492	15448	17715	20204	22860	25639	28508	31442	34419	37407
Malaysia	6434	7312	8428	9648	10910	12131	13460	15649	17882	20339	23151	25968	28275	30514	32652	34683	36619	38447	40124	41620	42929
Maldives	79	80	92	98	115	133	153	177	217	261	300	336	396	393	392	389	401	415	427	437	444
Mali	3688	4071	4495	4978	5546	6218	6822	7506	8327	9336	10621	12134	13796	15718	17890	20240	22690	25169	27629	30038	32367
Malta	312	314	329	319	326	328	364	347	359	377	390	399	407	414	419	421	420	416	410	403	396
Marshall Islands	11	13	15	18	22	26	31	38	46	50	53	59	66	72	78	83	88	93	97	100	103
Mauritania	1006	1053	1117	1195	1289	1404	1545	1723	1925	2235	2501	2838	3205	3597	4005	4425	4851	5279	5706	6127	6536
Mauritius	481	572	663	756	830	885	964	1021	1062	1123	1186	1243	1294	1340	1379	1412	1437	1452	1456	1452	1441
Mayotte	22	24	28	32	37	43	53	71	87	119	157	186	206	220	229	236	244	253	261	265	267
Mexico	28485	32930	38579	45142	52775	60678	68347	76767	84914	92880	99927	106203	112469	118689	124654	130199	135172	139457	143026	145856	147908
Moldova	2336	2622	2999	3334	3595	3847	3996	4148	4374	4355	4180	3948	3732	3547	3364	3177	2985	2793	2608	2432	2261
Monaco	18	18	21	22	24	25	27	28	30	31	32	31	31	31	31	32	32	33	32	31	30
Mongolia	779	844	955	1090	1248	1446	1662	1908	2218	2447	2664	2866	3087	3318	3535	3725	3890	4036	4165	4269	4340
Montenegro	396	432	461	491	514	549	560	561	583	671	732	699	667	647	639	636	629	620	609	595	578
Montserrat	13	13	12	12	12	12	12	11	11	10	4	5	5	5	5	6	6	6	6	6	6
Morocco	9343	10782	12423	14066	15909	17687	19487	21644	24000	26148	28113	29901	31627	33323	34956	36484	37887	39148	40267	41230	42026
Mozambique	6250	6782	7472	8301	9304	10433	12103	13293	12989	15888	17997	20069	22417	25303	28603	32306	36622	41434	46745	52585	58998
Namibia	464	522	591	671	765	915	1058	1204	1471	1681	1893	2028	2128	2212	2263	2284	2281	2258	2223	2185	2150
Nauru	3	4	4	6	7	7	8	9	9	10	10	10	9	10	10	10	10	11	11	11	12
Nepal	8990	9479	10035	10862	11919	13156	14665	16570	18918	21877	24818	27094	28952	31551	34209	36623	38886	40939	42776	44447	45985
Netherlands	10121	10758	11494	12301	13043	13665	14155	14504	14966	15476	15930	16299	16574	16948	17280	17572	17797	17935	17982	17959	17907
New Caledonia	55	65	79	90	112	133	139	153	169	192	211	232	252	272	290	307	324	338	350	361	371
New Zealand	1908	2136	2372	2640	2828	3118	3170	3324	3414	3642	3802	4048	4252	4438	4615	4776	4913	5023	5105	5163	5199
Nicaragua	1098	1277	1493	1750	2053	2395	2803	3180	3644	4402	4866	5267	5604	5908	6203	6494	6753	6956	7101	7191	7234
Niger	3271	3559	3913	4344	4841	5419	6093	6869	7842	9199	10951	13189	15878	19034	22749	27063	31946	37321	43078	49107	55304
Nigeria	31797	35955	41550	48068	55590	64428	74829	84898	96690	109833	124207	141852	161605	183529	207699	234363	263626	295349	329227	364986	402426
North Korea	9471	8863	10448	11964	14062	16014	17390	18831	20451	22107	22785	23621	24326	24983	25643	26242	26688	26955	27074	27073	26969
Northern Mariana Islands	6	7	9	10	12	15	17	21	44	57	70	71	48	44	49	53	56	59	61	64	66
Norway	3265	3427	3581	3723	3877	4007	4086	4152	4242	4359	4492	4593	4676	4754	4836	4917	4978	5008	5008	4991	4966
Oman	489	540	601	682	783	920	1185	1497	1794	2139	2432	2697	2968	3287	3635	3981	4305	4601	4879	5147	5402
Pakistan	40382	45536	51719	59046	67491	76456	85219	102079	118816	134185	152429	169279	184405	199086	213719	228385	242862	256593	269151	280552	290848
Palau	7	8	9	11	12	13	13	14	15	17	19	20	21	21	22	22	22	23	23	23	23
Panama	893	1011	1148	1326	1531	1749	1960	2168	2393	2638	2900	3155	3411	3657	3894	4118	4323	4502	4653	4773	4859
Papua New Guinea	1412	1545	1718	1941	2214	2504	2846	3229	3683	4216	4813	5440	6065	6672	7259	7823	8359	8859	9317	9733	10110
Paraguay	1476	1683	1910	2170	2477	2848	3172	3633	4200	4826	5418	5926	6376	6783	7192	7603	7974	8279	8517	8699	8840
Peru	7633	8672	9931	11467	13193	15161	17295	19379	21565	23863	25797	27442	28948	30445	31915	33283	34444	35376	36095	36618	36944
Philippines	21131	24553	28529	33268	38604	44337	50940	57706	65088	72597	81222	90436	99900	109616	119329	128921	138333	147466	156188	164384	171964
Poland	24824	27221	29590	31262	32526	33969	35578	37226	38119	38601	38654	38558	38464	38302	37949	37350	36531	35556	34481	33322	32085
Portugal	8443	8693	9037	9129	9044	9411	9778	9897	9923	10066	10336	10566	10736	10825	10842	10806	10731	10615	10447	10219	9933
Puerto Rico	2218	2250	2358	2597	2722	2935	3210	3382	3537	3683	3814	3911	3979	4024	4051	4055	4032	3979	3900	3798	3680
Qatar	25	35	45	70	113	165	229	342	433	510	640	973	1719	2195	2444	2563	2596	2574	2550	2548	2559
Romania	16311	17325	18403	19027	20253	21245	22130	22521	22866	22687	22447	22197	21959	21666	21303	20872	20389	19870	19313	18712	18060
Russia	101937	111125	119632	126541	130245	134293	139039	143938	147973	148490	146710	142776	139390	136010	132242	128180	124094	120215	116553	112920	109187
Rwanda	2439	2698	3032	3265	3769	4357	5140	5987	6999	5473	8398	9611	11056	12662	14327	16081	17983	20080	22378	24859	27506
Saint Barthélemy	2	2	2	2	2	3	3	4	5	6	7	8	7	7	7	7	7	7	7	7	7
Saint Helena, Ascension and Tristan da Cunha	5	5	5	5	6	6	6	8	7	7	7	7	8	8	8	8	8	8	8	8	7
Saint Kitts and Nevis	44	50	51	49	46	45	44	43	42	43	46	48	50	52	54	55	57	57	57	57	56
Saint Lucia	79	86	88	94	103	112	122	131	138	146	153	157	161	164	166	169	170	170	169	166	162
Saint Martin	3	4	4	5	5	6	8	15	30	33	28	28	30	32	33	33	33	34	34	34	35
Saint Pierre and Miquelon	5	5	5	5	5	6	6	6	6	6	6	6	6	6	5	5	5	4	4	4	4
Saint Vincent and the Grenadines	66	75	81	85	88	92	98	104	107	109	108	106	104	103	101	100	99	98	97	95	94
Samoa	82	94	110	127	142	151	159	161	163	169	176	184	192	198	204	210	217	225	232	238	245
San Marino	13	14	15	17	19	20	21	23	23	25	27	30	31	33	34	35	36	36	36	36	35
Saudi Arabia	3860	4243	4718	5327	6109	7208	10022	13330	16061	18755	21312	23642	25732	27752	29819	31877	33825	35614	37250	38781	40251
Senegal	2654	2927	3270	3744	4318	4989	5611	6378	7348	8378	9469	10804	12323	13976	15736	17581	19485	21430	23390	25336	27244
Serbia	5956	6313	6659	6959	7248	7431	7588	7720	7786	7691	7604	7502	7345	7177	7012	6846	6672	6486	6287	6080	5869
Seychelles	33	36	42	48	54	60	64	67	71	75	79	84	88	92	96	99	101	102	102	102	100
Sierra Leone	2087	2233	2396	2582	2789	3030	3335	3703	4228	3881	3809	4708	5246	5879	6625	7500	8500	9610	10831	12160	13594
Singapore	1022	1306	1646	1887	2075	2263	2414	2750	3047	3567	4063	4606	5140	5674	6210	6733	7223	7660	8036	8351	8610
Sint Maarten	2	2	3	4	6	10	12	19	29	32	31	34	38	41	44	47	49	50	52	52	53
Slovakia	3463	3727	3994	4370	4524	4730	4966	5145	5263	5362	5400	5431	5470	5496	5494	5459	5393	5306	5202	5081	4944
Slovenia	1468	1517	1558	1620	1676	1722	1833	1914	1991	2003	2011	2011	2003	1983	1951	1908	1855	1798	1735	1668	1597
Solomon Islands	107	114	126	143	163	193	231	273	321	375	434	496	559	622	685	747	808	866	920	971	1016
Somalia	2438	2673	2956	3283	3667	4128	5794	6459	6692	6401	7501	8790	9768	10616	11757	13274	15041	16882	18768	20684	22626
South Africa	13596	15369	17417	19898	22740	25815	29252	34254	38476	42228	45064	47483	49109	48286	48530	48714	48854	48965	49071	49210	49401
South Korea	20846	21552	24784	28705	32241	35281	38124	40806	42869	45105	46839	48005	48636	49115	49362	49372	49003	48172	46911	45284	43369
Spain	28063	29319	30641	32085	33876	35564	37488	38535	39351	39765	40589	43704	46506	48146	50016	51415	52445	53139	53450	53270	52491
Sri Lanka	7533	8694	9913	11261	12619	13779	15056	15847	16862	17941	19041	20103	21084	22053	22889	23563	24120	24584	24935	25132	25167
Sudan	8051	9233	10589	12086	13788	16156	19482	23145	25888	29953	34109	38363	43940	49780	56292	63117	69996	76882	83745	90536	97165
Suriname	208	240	284	336	372	363	354	394	416	428	464	504	546	580	610	637	662	683	700	711	718
Swaziland	277	311	352	399	455	521	611	722	882	1004	1144	1259	1354	1436	1513	1585	1651	1708	1756	1798	1834
Sweden	7014	7262	7480	7734	8043	8193	8310	8356	8601	8878	8924	9002	9074	9153	9245	9316	9324	9280	9212	9145	9085
Switzerland	4694	4980	5362	5943	6267	6404	6385	6564	6837	7157	7267	7489	7623	7698	7751	7774	7756	7691	7586	7451	7296
Syria	3495	3938	4533	5326	6258	7407	8752	10466	12500	14449	16471	18563	22198	22879	24744	26536	28224	29804	31257	32551	33658
São Tomé and Príncipe	60	60	63	69	74	82	94	104	116	127	141	158	176	194	211	227	244	260	277	293	309
Taiwan	7981	9486	11209	12978	14598	16122	17848	19337	20278	21290	22183	22701	23025	23212	23278	23214	22978	22532	21887	21083	20161
Tajikistan	1530	1781	2081	2511	2939	3449	3966	4569	5272	5678	6230	6815	7487	8192	8874	9510	10103	10667	11203	11696	12132
Tanzania	7935	8971	10260	11870	13807	16148	18665	21618	25214	29753	33712	37771	41893	46123	49989	53428	56530	59397	62068	64548	66843
Thailand	20042	23451	27513	32062	37091	42272	47026	51342	55197	58883	61904	64235	66336	68119	69558	70644	71290	71462	71216	70584	69611
Timor-Leste	436	472	509	553	598	677	557	652	746	870	847	1042	1155	1272	1389	1498	1600	1695	1787	1874	1955
Togo	1172	1298	1456	1648	1964	2267	2626	3129	3721	4203	4992	5715	6587	7552	8608	9741	10952	12245	13622	15074	16584
Tonga	46	54	64	74	83	89	92	94	96	97	100	103	106	107	106	105	102	99	94	87	79
Trinidad and Tobago	632	721	841	939	955	1007	1091	1189	1255	1264	1252	1237	1229	1222	1209	1184	1152	1118	1085	1054	1024
Tunisia	3517	3846	4149	4566	5099	5704	6443	7364	8207	8947	9508	10013	10525	11037	11494	11850	12086	12222	12284	12277	12180
Turkey	21122	24145	28217	31951	35758	40530	45048	50997	56561	61940	67329	72674	77804	82523	86757	90498	93743	96468	98601	100101	100955
Turkmenistan	1204	1348	1585	1882	2181	2524	2875	3240	3658	4079	4385	4664	4941	5231	5529	5800	6027	6209	6363	6497	6607
Turks and Caicos Islands	5	5	6	6	6	6	7	9	12	15	19	28	43	50	56	61	66	71	76	80	84
Tuvalu	5	5	5	6	6	6	7	8	9	10	10	10	10	11	11	12	12	13	13	13	13
Uganda	5522	6317	7262	8389	9743	10952	12415	14392	17456	20690	23956	28199	33399	39941	47691	56745	67286	79524	93632	109752	128008
Ukraine	36775	39368	42644	45235	47236	48973	50047	50944	51622	51245	49005	46959	45416	44009	42561	41038	39492	37981	36513	35054	33574
United Arab Emirates	72	83	103	144	249	523	1000	1363	1826	2458	3219	4087	4976	5780	6495	7063	7484	7773	7948	8024	8019
United Kingdom	50127	50946	52372	54350	55632	56215	56314	56584	57411	58187	59140	60487	62348	64088	65761	67244	68451	69394	70148	70742	71154
United States	151868	165069	179979	193526	203984	215465	227225	237924	249623	266278	282172	295753	308282	322371	336836	351353	365683	379810	393856	408012	422554
United States Virgin Islands	27	28	33	44	63	94	100	101	104	108	109	110	110	109	108	107	105	102	99	96	92
Uruguay	2194	2353	2531	2693	2824	2844	2930	3019	3085	3150	3220	3265	3301	3342	3388	3432	3467	3485	3500	3503	3495
Uzbekistan	6293	7232	8531	10206	11940	13988	15994	18215	20530	23067	25042	26540	27866	29200	30565	31824	32855	33653	34278	34768	35116
Vanuatu	52	59	66	74	85	100	117	135	154	173	190	206	222	236	251	264	276	287	296	305	312
Venezuela	5009	6170	7556	9068	10758	12675	14768	16998	19325	21549	23493	25269	27223	29275	31276	33189	34958	36543	37942	39173	40256
Vietnam	25348	27738	31656	37258	42577	48075	53715	60093	67258	73783	79178	84425	89571	94349	98721	102459	105478	107843	109601	110717	111174
Wallis and Futuna	7	7	8	8	9	9	11	13	13	14	15	15	15	16	16	16	16	16	16	16	16
West Bank	771	788	805	861	690	806	904	1044	1253	1621	1980	2247	2515	2785	3058	3328	3588	3827	4041	4225	4376
Western Sahara	9	16	28	50	89	72	124	179	217	264	336	415	492	571	652	736	821	909	997	1086	1173
Yemen	4777	5265	5872	6510	7098	7934	9133	10540	12416	14862	17407	20345	23495	26667	29727	32650	35473	38227	40901	43436	45781
Zambia	2553	2869	3254	3694	4248	4897	5643	6716	7858	9021	10345	11710	13460	15644	18065	20672	23491	26611	30121	34040	38372
Zimbabwe	2853	3409	4011	4685	5515	6342	7170	8560	10156	11159	11820	11639	11652	14230	15832	17370	18820	20281	21839	23491	25198
